(0, 26) -> [(0, 25), (0, 27)]
(10, 28) -> [(11, 28), (10, 27)]
(19, 7) -> [(18, 7), (19, 6)]
(11, 28) -> [(10, 28), (11, 29)]
(20, 11) -> [(20, 12)]
(22, 29) -> [(21, 29), (22, 28)]
(20, 4) -> [(19, 4), (20, 3), (20, 5)]
(25, 25) -> [(25, 24), (25, 26)]
(7, 22) -> [(8, 22)]
(27, 28) -> [(26, 28), (27, 27)]
(9, 4) -> [(8, 4), (9, 3)]
(12, 12) -> [(11, 12), (13, 12), (12, 13)]
(11, 2) -> [(11, 1), (11, 3)]
(13, 29) -> [(12, 29), (13, 28)]
(23, 12) -> [(23, 13)]
(3, 17) -> [(2, 17), (4, 17)]
(14, 17) -> [(15, 17), (14, 16)]
(12, 29) -> [(13, 29), (12, 28)]
(11, 6) -> [(11, 5), (11, 7)]
(10, 18) -> [(9, 18)]
(23, 13) -> [(22, 13), (23, 12), (23, 14)]
(20, 2) -> [(19, 2), (20, 1)]
(3, 10) -> [(2, 10), (4, 10)]
(4, 7) -> [(4, 6), (4, 8)]
(1, 8) -> [(2, 8), (1, 7), (1, 9)]
(25, 4) -> [(24, 4), (25, 3)]
(16, 6) -> [(15, 6), (16, 7)]
(9, 23) -> [(8, 23), (9, 22)]
(22, 8) -> [(21, 8), (22, 9)]
(23, 14) -> [(23, 13), (23, 15)]
(17, 29) -> [(16, 29), (17, 28)]
(17, 22) -> [(17, 21), (17, 23)]
(21, 21) -> [(20, 21), (22, 21), (21, 20)]
(13, 4) -> [(13, 3), (13, 5)]
(29, 28) -> [(29, 27)]
(29, 5) -> [(28, 5), (29, 4)]
(26, 26) -> [(25, 26), (26, 25)]
(3, 14) -> [(3, 13)]
(26, 11) -> [(27, 11)]
(15, 15) -> [(16, 15)]
(18, 15) -> [(17, 15), (19, 15), (18, 14)]
(13, 11) -> [(12, 11), (13, 12)]
(23, 0) -> [(22, 0), (24, 0)]
(0, 10) -> [(1, 10), (0, 11)]
(4, 24) -> [(5, 24), (4, 25)]
(25, 26) -> [(26, 26), (25, 25), (25, 27)]
(15, 18) -> [(14, 18), (15, 17)]
(26, 9) -> [(27, 9), (26, 10)]
(5, 10) -> [(4, 10), (6, 10), (5, 9), (5, 11)]
(4, 27) -> [(4, 28)]
(15, 6) -> [(14, 6), (16, 6)]
(1, 19) -> [(2, 19), (1, 18)]
(14, 20) -> [(13, 20)]
(23, 29) -> [(24, 29), (23, 28)]
(26, 25) -> [(27, 25), (26, 26)]
(14, 3) -> [(15, 3), (14, 2)]
(3, 26) -> [(2, 26), (4, 26), (3, 27)]
(12, 14) -> [(13, 14), (12, 15)]
(28, 11) -> [(27, 11), (29, 11)]
(17, 0) -> [(18, 0), (17, 1)]
(8, 24) -> [(7, 24), (9, 24), (8, 25)]
(25, 1) -> [(24, 1), (25, 0)]
(11, 7) -> [(10, 7), (11, 6)]
(15, 11) -> [(14, 11), (16, 11), (15, 10)]
(5, 22) -> [(5, 21), (5, 23)]
(21, 25) -> [(22, 25), (21, 24)]
(26, 8) -> [(25, 8), (27, 8), (26, 7)]
(0, 25) -> [(1, 25), (0, 26)]
(3, 9) -> [(4, 9)]
(19, 23) -> [(18, 23)]
(20, 24) -> [(21, 24), (20, 25)]
(18, 19) -> [(19, 19), (18, 20)]
(1, 26) -> [(1, 27)]
(25, 15) -> [(24, 15), (26, 15)]
(21, 20) -> [(22, 20), (21, 21)]
(22, 6) -> [(21, 6)]
(21, 28) -> [(21, 27)]
(24, 17) -> [(23, 17), (25, 17), (24, 16)]
(15, 1) -> [(16, 1), (15, 2)]
(17, 9) -> [(16, 9), (17, 8)]
(18, 13) -> [(18, 12), (18, 14)]
(7, 21) -> [(6, 21), (8, 21)]
(21, 3) -> [(20, 3), (21, 2), (21, 4)]
(6, 27) -> [(6, 26)]
(19, 15) -> [(18, 15), (19, 16)]
(22, 24) -> [(21, 24), (23, 24)]
(27, 0) -> [(28, 0), (27, 1)]
(14, 29) -> [(15, 29), (14, 28)]
(4, 21) -> [(5, 21), (4, 22)]
(9, 3) -> [(10, 3), (9, 4)]
(9, 8) -> [(8, 8), (10, 8)]
(4, 11) -> [(3, 11), (5, 11)]
(4, 4) -> [(5, 4), (4, 3), (4, 5)]
(4, 18) -> [(3, 18), (5, 18), (4, 19)]
(4, 26) -> [(3, 26), (5, 26), (4, 25)]
(16, 15) -> [(15, 15), (17, 15), (16, 14), (16, 16)]
(29, 10) -> [(29, 9), (29, 11)]
(23, 18) -> [(22, 18), (24, 18), (23, 19)]
(24, 0) -> [(23, 0), (25, 0)]
(29, 0) -> [(28, 0)]
(10, 27) -> [(11, 27), (10, 28)]
(22, 13) -> [(23, 13), (22, 12)]
(26, 17) -> [(27, 17), (26, 18)]
(24, 27) -> [(24, 28)]
(1, 28) -> [(0, 28), (2, 28)]
(3, 22) -> [(3, 21), (3, 23)]
(0, 24) -> [(1, 24)]
(18, 5) -> [(19, 5), (18, 4)]
(22, 25) -> [(21, 25), (22, 26)]
(6, 9) -> [(6, 10)]
(24, 5) -> [(25, 5), (24, 4)]
(18, 6) -> [(19, 6)]
(28, 5) -> [(27, 5), (29, 5), (28, 4)]
(1, 24) -> [(0, 24), (2, 24), (1, 23)]
(8, 25) -> [(8, 24)]
(15, 23) -> [(14, 23)]
(18, 4) -> [(19, 4), (18, 5)]
(8, 12) -> [(7, 12)]
(28, 29) -> [(27, 29), (29, 29), (28, 28)]
(15, 4) -> [(14, 4), (16, 4), (15, 5)]
(23, 17) -> [(22, 17), (24, 17), (23, 16)]
(14, 25) -> [(14, 24), (14, 26)]
(5, 6) -> [(5, 7)]
(20, 16) -> [(20, 15), (20, 17)]
(8, 17) -> [(9, 17), (8, 16), (8, 18)]
(14, 26) -> [(13, 26), (15, 26), (14, 25), (14, 27)]
(25, 23) -> [(24, 23), (26, 23), (25, 22)]
(16, 24) -> [(15, 24)]
(23, 15) -> [(23, 14), (23, 16)]
(18, 11) -> [(17, 11), (19, 11), (18, 10)]
(14, 28) -> [(13, 28), (14, 29)]
(27, 24) -> [(26, 24), (27, 25)]
(7, 1) -> [(8, 1), (7, 0)]
(15, 16) -> [(14, 16), (16, 16)]
(23, 24) -> [(22, 24), (23, 25)]
(16, 20) -> [(15, 20), (16, 19)]
(29, 9) -> [(29, 8), (29, 10)]
(12, 3) -> [(12, 2), (12, 4)]
(28, 13) -> [(27, 13), (28, 14)]
(2, 26) -> [(3, 26), (2, 27)]
(0, 16) -> [(0, 15), (0, 17)]
(5, 23) -> [(4, 23), (6, 23), (5, 22)]
(12, 4) -> [(11, 4), (12, 3)]
(14, 2) -> [(13, 2), (15, 2), (14, 1), (14, 3)]
(15, 7) -> [(16, 7)]
(24, 1) -> [(25, 1), (24, 2)]
(26, 5) -> [(25, 5), (26, 4)]
(28, 21) -> [(27, 21), (28, 20), (28, 22)]
(8, 4) -> [(9, 4), (8, 5)]
(8, 3) -> [(7, 3), (8, 2)]
(1, 4) -> [(0, 4), (2, 4)]
(6, 2) -> [(6, 1), (6, 3)]
(13, 5) -> [(12, 5), (14, 5), (13, 4)]
(28, 22) -> [(29, 22), (28, 21)]
(11, 4) -> [(12, 4), (11, 3)]
(0, 5) -> [(1, 5), (0, 4)]
(20, 26) -> [(19, 26), (20, 25), (20, 27)]
(12, 18) -> [(12, 17), (12, 19)]
(20, 22) -> [(19, 22), (20, 23)]
(4, 15) -> [(3, 15), (4, 16)]
(13, 10) -> [(12, 10), (14, 10)]
(22, 4) -> [(21, 4)]
(17, 28) -> [(17, 27), (17, 29)]
(22, 9) -> [(21, 9), (22, 8), (22, 10)]
(22, 28) -> [(23, 28), (22, 29)]
(12, 2) -> [(12, 1), (12, 3)]
(10, 26) -> [(9, 26), (11, 26), (10, 25)]
(16, 12) -> [(15, 12), (17, 12), (16, 13)]
(1, 12) -> [(2, 12), (1, 13)]
(19, 20) -> [(20, 20), (19, 19)]
(25, 14) -> [(24, 14), (26, 14), (25, 13)]
(11, 10) -> [(12, 10), (11, 11)]
(2, 2) -> [(1, 2), (2, 1)]
(6, 26) -> [(7, 26), (6, 27)]
(22, 19) -> [(21, 19), (22, 20)]
(4, 29) -> [(5, 29), (4, 28)]
(20, 7) -> [(21, 7), (20, 6), (20, 8)]
(20, 14) -> [(21, 14), (20, 15)]
(27, 13) -> [(26, 13), (28, 13), (27, 12)]
(2, 1) -> [(2, 0), (2, 2)]
(9, 0) -> [(8, 0), (10, 0)]
(11, 27) -> [(10, 27), (11, 26)]
(27, 17) -> [(26, 17), (28, 17)]
(5, 29) -> [(4, 29), (6, 29)]
(6, 18) -> [(5, 18), (7, 18), (6, 19)]
(27, 26) -> [(28, 26), (27, 25)]
(9, 1) -> [(9, 2)]
(12, 0) -> [(11, 0), (13, 0)]
(14, 5) -> [(13, 5), (15, 5)]
(24, 21) -> [(25, 21), (24, 22)]
(15, 20) -> [(16, 20), (15, 21)]
(9, 10) -> [(8, 10), (10, 10), (9, 9)]
(29, 29) -> [(28, 29)]
(9, 2) -> [(8, 2), (10, 2), (9, 1)]
(15, 17) -> [(14, 17), (15, 18)]
(17, 23) -> [(16, 23), (17, 22), (17, 24)]
(25, 6) -> [(24, 6), (26, 6)]
(24, 22) -> [(24, 21)]
(0, 22) -> [(1, 22), (0, 23)]
(16, 0) -> [(15, 0)]
(21, 0) -> [(22, 0), (21, 1)]
(17, 24) -> [(17, 23), (17, 25)]
(23, 5) -> [(22, 5), (23, 6)]
(29, 4) -> [(29, 5)]
(12, 27) -> [(13, 27), (12, 28)]
(26, 27) -> [(25, 27), (27, 27)]
(0, 28) -> [(1, 28), (0, 29)]
(1, 25) -> [(0, 25)]
(3, 27) -> [(3, 26), (3, 28)]
(0, 29) -> [(1, 29), (0, 28)]
(20, 3) -> [(19, 3), (21, 3), (20, 4)]
(12, 15) -> [(12, 14), (12, 16)]
(22, 10) -> [(23, 10), (22, 9)]
(18, 28) -> [(18, 27), (18, 29)]
(7, 24) -> [(6, 24), (8, 24), (7, 25)]
(22, 23) -> [(21, 23)]
(9, 6) -> [(8, 6), (10, 6), (9, 5)]
(21, 19) -> [(20, 19), (22, 19), (21, 18)]
(25, 28) -> [(24, 28), (25, 29)]
(6, 14) -> [(7, 14), (6, 15)]
(8, 20) -> [(7, 20), (8, 19)]
(27, 23) -> [(26, 23)]
(2, 10) -> [(3, 10), (2, 9), (2, 11)]
(6, 0) -> [(5, 0), (7, 0), (6, 1)]
(11, 21) -> [(10, 21), (11, 22)]
(28, 20) -> [(29, 20), (28, 21)]
(23, 26) -> [(23, 27)]
(15, 27) -> [(15, 26)]
(5, 17) -> [(4, 17), (5, 16)]
(23, 28) -> [(22, 28), (23, 27), (23, 29)]
(12, 11) -> [(13, 11)]
(18, 12) -> [(19, 12), (18, 13)]
(5, 5) -> [(5, 4)]
(20, 13) -> [(20, 12)]
(23, 19) -> [(23, 18)]
(5, 20) -> [(5, 19), (5, 21)]
(3, 6) -> [(2, 6), (4, 6)]
(1, 18) -> [(0, 18), (1, 19)]
(15, 8) -> [(14, 8), (16, 8)]
(21, 2) -> [(22, 2), (21, 3)]
(15, 5) -> [(14, 5), (15, 4)]
(21, 26) -> [(22, 26)]
(23, 20) -> [(22, 20), (23, 21)]
(28, 2) -> [(28, 1)]
(8, 9) -> [(7, 9), (9, 9)]
(8, 26) -> [(7, 26), (9, 26), (8, 27)]
(22, 0) -> [(21, 0), (23, 0)]
(27, 4) -> [(27, 3)]
(28, 18) -> [(28, 19)]
(22, 16) -> [(22, 15), (22, 17)]
(22, 2) -> [(21, 2), (22, 3)]
(0, 20) -> [(1, 20), (0, 21)]
(20, 17) -> [(19, 17), (20, 16)]
(21, 9) -> [(20, 9), (22, 9)]
(22, 5) -> [(23, 5)]
(12, 1) -> [(13, 1), (12, 2)]
(1, 21) -> [(2, 21)]
(6, 13) -> [(6, 12)]
(10, 23) -> [(11, 23), (10, 22)]
(19, 16) -> [(19, 15), (19, 17)]
(20, 15) -> [(20, 14), (20, 16)]
(22, 22) -> [(22, 21)]
(5, 19) -> [(5, 20)]
(20, 12) -> [(19, 12), (20, 11), (20, 13)]
(5, 1) -> [(5, 0), (5, 2)]
(7, 10) -> [(6, 10)]
(18, 20) -> [(17, 20), (18, 19)]
(1, 23) -> [(2, 23), (1, 22), (1, 24)]
(8, 5) -> [(7, 5), (8, 4)]
(18, 1) -> [(19, 1), (18, 0)]
(26, 3) -> [(27, 3), (26, 2)]
(2, 7) -> [(2, 6), (2, 8)]
(20, 27) -> [(20, 26), (20, 28)]
(26, 22) -> [(25, 22), (27, 22), (26, 21)]
(26, 1) -> [(27, 1), (26, 0), (26, 2)]
(22, 11) -> [(21, 11), (23, 11)]
(7, 28) -> [(8, 28), (7, 27)]
(10, 7) -> [(9, 7), (11, 7), (10, 8)]
(23, 6) -> [(23, 5), (23, 7)]
(15, 19) -> [(16, 19)]
(16, 29) -> [(15, 29), (17, 29)]
(6, 8) -> [(7, 8), (6, 7)]
(13, 15) -> [(14, 15), (13, 14)]
(8, 28) -> [(7, 28), (8, 29)]
(18, 18) -> [(19, 18), (18, 17)]
(14, 9) -> [(15, 9), (14, 10)]
(6, 7) -> [(7, 7), (6, 6), (6, 8)]
(27, 14) -> [(27, 15)]
(23, 25) -> [(24, 25), (23, 24)]
(12, 17) -> [(13, 17), (12, 16), (12, 18)]
(2, 21) -> [(1, 21), (3, 21), (2, 20), (2, 22)]
(28, 14) -> [(28, 13), (28, 15)]
(13, 12) -> [(12, 12), (13, 11)]
(25, 21) -> [(24, 21), (26, 21)]
(16, 25) -> [(17, 25), (16, 26)]
(0, 4) -> [(1, 4), (0, 5)]
(19, 9) -> [(18, 9), (19, 10)]
(7, 9) -> [(8, 9), (7, 8)]
(24, 24) -> [(25, 24), (24, 23)]
(25, 0) -> [(24, 0), (25, 1)]
(13, 23) -> [(12, 23), (14, 23)]
(13, 16) -> [(12, 16)]
(10, 20) -> [(11, 20), (10, 21)]
(4, 20) -> [(3, 20), (4, 19)]
(10, 12) -> [(9, 12), (11, 12), (10, 13)]
(2, 25) -> [(3, 25)]
(5, 16) -> [(4, 16), (5, 15), (5, 17)]
(2, 19) -> [(1, 19), (2, 20)]
(19, 17) -> [(18, 17), (20, 17), (19, 16)]
(19, 25) -> [(19, 24)]
(5, 2) -> [(4, 2), (5, 1), (5, 3)]
(27, 19) -> [(27, 18)]
(2, 29) -> [(1, 29), (3, 29)]
(11, 9) -> [(10, 9), (11, 8)]
(21, 16) -> [(21, 15), (21, 17)]
(24, 18) -> [(23, 18), (25, 18)]
(19, 22) -> [(18, 22), (20, 22), (19, 21)]
(16, 14) -> [(17, 14), (16, 15)]
(4, 28) -> [(3, 28), (5, 28), (4, 27), (4, 29)]
(20, 28) -> [(19, 28), (20, 27)]
(25, 17) -> [(24, 17)]
(2, 16) -> [(1, 16), (2, 17)]
(3, 28) -> [(2, 28), (4, 28), (3, 27), (3, 29)]
(21, 23) -> [(20, 23), (22, 23), (21, 22)]
(24, 8) -> [(23, 8), (24, 7), (24, 9)]
(24, 19) -> [(24, 20)]
(24, 13) -> [(25, 13), (24, 12)]
(8, 18) -> [(8, 17), (8, 19)]
(7, 4) -> [(6, 4), (7, 5)]
(14, 16) -> [(15, 16), (14, 15), (14, 17)]
(27, 29) -> [(28, 29)]
(3, 13) -> [(2, 13), (4, 13), (3, 14)]
(1, 3) -> [(0, 3), (2, 3)]
(2, 23) -> [(1, 23)]
(8, 2) -> [(9, 2), (8, 3)]
(9, 16) -> [(8, 16)]
(14, 27) -> [(13, 27), (14, 26)]
(17, 3) -> [(17, 4)]
(29, 15) -> [(29, 16)]
(24, 14) -> [(25, 14)]
(24, 2) -> [(24, 1)]
(1, 15) -> [(1, 14)]
(26, 18) -> [(27, 18), (26, 17)]
(15, 22) -> [(16, 22), (15, 21)]
(4, 16) -> [(5, 16), (4, 15)]
(12, 13) -> [(12, 12)]
(6, 4) -> [(7, 4), (6, 5)]
(10, 5) -> [(9, 5), (11, 5), (10, 4)]
(24, 4) -> [(25, 4), (24, 3), (24, 5)]
(24, 16) -> [(25, 16), (24, 17)]
(20, 20) -> [(19, 20)]
(28, 12) -> [(27, 12), (29, 12)]
(18, 22) -> [(19, 22), (18, 21)]
(26, 6) -> [(25, 6), (27, 6)]
(17, 18) -> [(16, 18)]
(25, 5) -> [(24, 5), (26, 5)]
(13, 26) -> [(12, 26), (14, 26)]
(17, 16) -> [(17, 15), (17, 17)]
(7, 25) -> [(7, 24)]
(13, 22) -> [(12, 22)]
(19, 3) -> [(18, 3), (20, 3), (19, 2)]
(19, 1) -> [(18, 1), (19, 0), (19, 2)]
(9, 29) -> [(8, 29), (9, 28)]
(11, 15) -> [(10, 15), (11, 16)]
(11, 26) -> [(10, 26), (11, 25), (11, 27)]
(29, 6) -> [(28, 6), (29, 7)]
(8, 1) -> [(7, 1), (8, 0)]
(25, 27) -> [(26, 27), (25, 26)]
(1, 22) -> [(0, 22), (2, 22), (1, 23)]
(8, 0) -> [(9, 0), (8, 1)]
(22, 15) -> [(21, 15), (22, 14), (22, 16)]
(29, 26) -> [(29, 25), (29, 27)]
(17, 6) -> [(17, 5), (17, 7)]
(4, 10) -> [(3, 10), (5, 10)]
(21, 13) -> [(21, 12), (21, 14)]
(25, 13) -> [(24, 13), (25, 12), (25, 14)]
(23, 16) -> [(23, 15), (23, 17)]
(4, 9) -> [(3, 9), (5, 9)]
(18, 25) -> [(18, 24), (18, 26)]
(27, 8) -> [(26, 8), (27, 7), (27, 9)]
(6, 25) -> [(6, 24)]
(22, 26) -> [(21, 26), (22, 25)]
(29, 23) -> [(28, 23), (29, 22)]
(6, 6) -> [(7, 6), (6, 5), (6, 7)]
(24, 20) -> [(25, 20), (24, 19)]
(4, 1) -> [(4, 0), (4, 2)]
(23, 2) -> [(23, 1), (23, 3)]
(27, 5) -> [(28, 5), (27, 6)]
(16, 1) -> [(15, 1), (17, 1)]
(16, 9) -> [(15, 9), (17, 9), (16, 8), (16, 10)]
(17, 10) -> [(17, 11)]
(25, 22) -> [(26, 22), (25, 23)]
(29, 12) -> [(28, 12), (29, 13)]
(9, 28) -> [(9, 29)]
(10, 6) -> [(9, 6)]
(19, 14) -> [(19, 13)]
(20, 23) -> [(21, 23), (20, 22)]
(26, 21) -> [(25, 21), (26, 20), (26, 22)]
(28, 9) -> [(27, 9), (28, 10)]
(19, 10) -> [(18, 10), (20, 10), (19, 9)]
(12, 6) -> [(13, 6), (12, 7)]
(27, 7) -> [(28, 7), (27, 8)]
(7, 13) -> [(8, 13), (7, 12), (7, 14)]
(13, 3) -> [(13, 4)]
(0, 23) -> [(0, 22)]
(3, 29) -> [(2, 29), (3, 28)]
(9, 25) -> [(9, 24)]
(3, 7) -> [(3, 8)]
(20, 10) -> [(19, 10), (21, 10), (20, 9)]
(14, 24) -> [(15, 24), (14, 25)]
(10, 22) -> [(9, 22), (11, 22), (10, 23)]
(2, 0) -> [(3, 0), (2, 1)]
(4, 2) -> [(5, 2), (4, 1), (4, 3)]
(29, 21) -> [(29, 20)]
(9, 14) -> [(10, 14), (9, 13)]
(15, 10) -> [(16, 10), (15, 11)]
(28, 17) -> [(27, 17), (29, 17)]
(10, 14) -> [(9, 14), (10, 15)]
(19, 19) -> [(18, 19), (20, 19), (19, 20)]
(11, 0) -> [(10, 0), (12, 0)]
(16, 17) -> [(17, 17)]
(22, 3) -> [(23, 3), (22, 2)]
(3, 5) -> [(4, 5)]
(5, 26) -> [(4, 26)]
(14, 15) -> [(13, 15), (14, 14), (14, 16)]
(0, 13) -> [(1, 13), (0, 12)]
(11, 20) -> [(10, 20), (11, 19)]
(27, 15) -> [(26, 15), (28, 15), (27, 14)]
(21, 22) -> [(21, 23)]
(21, 1) -> [(20, 1), (21, 0)]
(10, 2) -> [(9, 2), (10, 1)]
(16, 7) -> [(15, 7), (17, 7), (16, 6)]
(10, 24) -> [(9, 24), (11, 24)]
(29, 25) -> [(28, 25), (29, 24), (29, 26)]
(22, 7) -> [(21, 7), (23, 7)]
(1, 20) -> [(0, 20)]
(29, 22) -> [(28, 22), (29, 23)]
(12, 5) -> [(13, 5)]
(16, 26) -> [(15, 26), (16, 25), (16, 27)]
(28, 1) -> [(28, 0), (28, 2)]
(17, 5) -> [(16, 5), (17, 4), (17, 6)]
(21, 15) -> [(22, 15), (21, 16)]
(25, 3) -> [(25, 2), (25, 4)]
(17, 11) -> [(16, 11), (18, 11), (17, 10)]
(18, 27) -> [(17, 27), (19, 27), (18, 28)]
(15, 29) -> [(14, 29), (16, 29), (15, 28)]
(25, 2) -> [(26, 2), (25, 3)]
(13, 27) -> [(12, 27), (14, 27)]
(15, 25) -> [(15, 24)]
(17, 15) -> [(16, 15), (18, 15), (17, 16)]
(16, 23) -> [(17, 23)]
(10, 4) -> [(10, 5)]
(16, 2) -> [(15, 2)]
(0, 3) -> [(1, 3)]
(4, 8) -> [(5, 8), (4, 7)]
(1, 10) -> [(0, 10), (1, 9)]
(14, 23) -> [(13, 23), (15, 23), (14, 22)]
(23, 3) -> [(22, 3), (24, 3), (23, 2), (23, 4)]
(14, 0) -> [(15, 0), (14, 1)]
(0, 21) -> [(0, 20)]
(17, 13) -> [(17, 12), (17, 14)]
(10, 29) -> [(11, 29)]
(11, 19) -> [(10, 19), (11, 18), (11, 20)]
(12, 10) -> [(11, 10), (13, 10), (12, 9)]
(13, 1) -> [(12, 1)]
(8, 11) -> [(9, 11)]
(13, 2) -> [(14, 2)]
(27, 25) -> [(26, 25), (28, 25), (27, 24), (27, 26)]
(29, 14) -> [(29, 13)]
(25, 18) -> [(24, 18), (25, 19)]
(17, 19) -> [(16, 19)]
(8, 22) -> [(7, 22), (8, 21)]
(21, 17) -> [(21, 16)]
(29, 3) -> [(28, 3), (29, 2)]
(14, 12) -> [(14, 13)]
(24, 10) -> [(24, 9), (24, 11)]
(14, 7) -> [(14, 6)]
(28, 6) -> [(27, 6), (29, 6)]
(2, 17) -> [(3, 17), (2, 16)]
(1, 9) -> [(1, 8), (1, 10)]
(21, 5) -> [(20, 5)]
(0, 19) -> [(0, 18)]
(7, 14) -> [(6, 14), (7, 13)]
(15, 12) -> [(16, 12), (15, 13)]
(21, 6) -> [(20, 6), (22, 6)]
(7, 19) -> [(8, 19)]
(29, 7) -> [(29, 6), (29, 8)]
(11, 17) -> [(10, 17)]
(15, 28) -> [(16, 28), (15, 29)]
(19, 18) -> [(18, 18), (20, 18)]
(22, 27) -> [(21, 27), (23, 27)]
(3, 3) -> [(2, 3), (4, 3), (3, 2), (3, 4)]
(0, 14) -> [(1, 14), (0, 15)]
(1, 13) -> [(0, 13), (1, 12)]
(17, 4) -> [(16, 4), (17, 3), (17, 5)]
(14, 13) -> [(13, 13), (14, 12)]
(5, 0) -> [(6, 0), (5, 1)]
(25, 11) -> [(25, 10), (25, 12)]
(17, 27) -> [(18, 27), (17, 28)]
(27, 18) -> [(26, 18), (27, 19)]
(4, 17) -> [(3, 17), (5, 17)]
(8, 15) -> [(9, 15), (8, 14)]
(5, 14) -> [(4, 14), (5, 13), (5, 15)]
(13, 19) -> [(12, 19), (13, 18), (13, 20)]
(28, 4) -> [(28, 3), (28, 5)]
(19, 4) -> [(18, 4), (20, 4)]
(6, 3) -> [(7, 3), (6, 2)]
(8, 29) -> [(7, 29), (9, 29), (8, 28)]
(12, 26) -> [(13, 26)]
(17, 26) -> [(18, 26)]
(1, 7) -> [(0, 7), (1, 6), (1, 8)]
(18, 29) -> [(19, 29), (18, 28)]
(21, 10) -> [(20, 10), (21, 11)]
(19, 2) -> [(20, 2), (19, 1), (19, 3)]
(0, 27) -> [(1, 27), (0, 26)]
(4, 3) -> [(3, 3), (4, 2), (4, 4)]
(5, 8) -> [(4, 8), (5, 7)]
(29, 20) -> [(28, 20), (29, 19), (29, 21)]
(29, 27) -> [(28, 27), (29, 26), (29, 28)]
(8, 16) -> [(7, 16), (9, 16), (8, 17)]
(16, 8) -> [(15, 8), (16, 9)]
(4, 13) -> [(3, 13), (4, 12), (4, 14)]
(6, 17) -> [(7, 17), (6, 16)]
(3, 23) -> [(3, 22)]
(5, 4) -> [(4, 4), (5, 5)]
(16, 28) -> [(15, 28), (16, 27)]
(2, 12) -> [(1, 12), (2, 13)]
(6, 12) -> [(5, 12), (7, 12), (6, 13)]
(20, 25) -> [(20, 24), (20, 26)]
(21, 12) -> [(22, 12), (21, 13)]
(4, 5) -> [(3, 5), (4, 4)]
(16, 10) -> [(15, 10), (16, 9)]
(29, 16) -> [(29, 15), (29, 17)]
(18, 9) -> [(19, 9)]
(28, 15) -> [(27, 15), (28, 14), (28, 16)]
(14, 19) -> [(14, 18)]
(12, 8) -> [(13, 8), (12, 7)]
(2, 22) -> [(1, 22), (2, 21)]
(6, 15) -> [(7, 15), (6, 14)]
(13, 18) -> [(13, 19)]
(17, 25) -> [(16, 25), (17, 24)]
(0, 18) -> [(1, 18), (0, 17), (0, 19)]
(7, 17) -> [(6, 17)]
(21, 24) -> [(20, 24), (22, 24), (21, 25)]
(19, 29) -> [(18, 29), (20, 29), (19, 28)]
(26, 13) -> [(27, 13), (26, 14)]
(1, 29) -> [(0, 29), (2, 29)]
(18, 24) -> [(19, 24), (18, 23), (18, 25)]
(20, 8) -> [(19, 8), (20, 7)]
(17, 7) -> [(16, 7), (17, 6)]
(3, 1) -> [(3, 0), (3, 2)]
(4, 22) -> [(4, 21)]
(23, 23) -> [(23, 22)]
(9, 26) -> [(8, 26), (10, 26), (9, 27)]
(14, 22) -> [(14, 21), (14, 23)]
(2, 5) -> [(1, 5)]
(20, 1) -> [(21, 1), (20, 2)]
(20, 5) -> [(21, 5), (20, 4)]
(23, 10) -> [(22, 10), (23, 11)]
(2, 15) -> [(3, 15), (2, 14)]
(15, 3) -> [(14, 3), (16, 3)]
(19, 26) -> [(18, 26), (20, 26)]
(28, 19) -> [(29, 19), (28, 18)]
(5, 24) -> [(4, 24), (5, 25)]
(24, 11) -> [(23, 11), (24, 10)]
(13, 21) -> [(12, 21), (14, 21)]
(26, 14) -> [(25, 14), (26, 13)]
(1, 11) -> [(0, 11), (2, 11)]
(29, 17) -> [(28, 17), (29, 16), (29, 18)]
(22, 14) -> [(22, 15)]
(19, 27) -> [(18, 27)]
(3, 11) -> [(4, 11)]
(26, 23) -> [(25, 23), (27, 23)]
(0, 17) -> [(1, 17), (0, 16), (0, 18)]
(11, 29) -> [(10, 29), (11, 28)]
(20, 9) -> [(21, 9), (20, 10)]
(3, 12) -> [(4, 12)]
(12, 28) -> [(12, 27), (12, 29)]
(24, 28) -> [(25, 28), (24, 27)]
(28, 0) -> [(27, 0), (29, 0), (28, 1)]
(17, 12) -> [(16, 12), (17, 13)]
(2, 14) -> [(1, 14), (2, 15)]
(6, 16) -> [(7, 16), (6, 17)]
(26, 15) -> [(25, 15), (27, 15), (26, 16)]
(13, 25) -> [(12, 25), (13, 24)]
(10, 15) -> [(9, 15), (11, 15), (10, 14)]
(12, 22) -> [(13, 22), (12, 21)]
(2, 27) -> [(1, 27), (2, 26)]
(20, 21) -> [(19, 21), (21, 21)]
(3, 4) -> [(3, 3)]
(28, 26) -> [(27, 26)]
(28, 24) -> [(29, 24)]
(21, 29) -> [(20, 29), (22, 29)]
(3, 16) -> [(3, 15)]
(18, 7) -> [(19, 7), (18, 8)]
(0, 8) -> [(0, 7), (0, 9)]
(16, 11) -> [(15, 11), (17, 11)]
(10, 0) -> [(9, 0), (11, 0)]
(22, 17) -> [(23, 17), (22, 16)]
(8, 7) -> [(9, 7), (8, 6)]
(10, 8) -> [(9, 8), (11, 8), (10, 7)]
(1, 17) -> [(0, 17), (1, 16)]
(11, 13) -> [(11, 12), (11, 14)]
(16, 21) -> [(17, 21), (16, 22)]
(11, 1) -> [(10, 1), (11, 2)]
(25, 24) -> [(24, 24), (25, 25)]
(27, 1) -> [(26, 1), (27, 0)]
(12, 7) -> [(12, 6), (12, 8)]
(21, 4) -> [(22, 4), (21, 3)]
(10, 10) -> [(9, 10), (10, 11)]
(7, 15) -> [(6, 15), (7, 16)]
(7, 18) -> [(6, 18)]
(28, 10) -> [(27, 10), (28, 9)]
(2, 20) -> [(3, 20), (2, 19), (2, 21)]
(2, 28) -> [(1, 28), (3, 28)]
(11, 25) -> [(10, 25), (11, 24), (11, 26)]
(22, 12) -> [(21, 12), (22, 13)]
(11, 5) -> [(10, 5), (11, 6)]
(4, 12) -> [(3, 12), (5, 12), (4, 13)]
(14, 6) -> [(13, 6), (15, 6), (14, 7)]
(7, 12) -> [(6, 12), (8, 12), (7, 11), (7, 13)]
(21, 18) -> [(22, 18), (21, 19)]
(21, 27) -> [(22, 27), (21, 28)]
(4, 23) -> [(5, 23)]
(15, 13) -> [(15, 12), (15, 14)]
(26, 0) -> [(26, 1)]
(5, 18) -> [(4, 18), (6, 18)]
(23, 4) -> [(23, 3)]
(9, 9) -> [(8, 9), (10, 9), (9, 10)]
(9, 20) -> [(9, 19)]
(6, 20) -> [(6, 19)]
(8, 21) -> [(7, 21), (9, 21), (8, 22)]
(13, 9) -> [(13, 8)]
(10, 21) -> [(11, 21), (10, 20)]
(17, 1) -> [(16, 1), (17, 0), (17, 2)]
(26, 16) -> [(25, 16), (26, 15)]
(6, 23) -> [(5, 23), (7, 23), (6, 22), (6, 24)]
(11, 16) -> [(10, 16), (11, 15)]
(25, 16) -> [(24, 16), (26, 16)]
(29, 11) -> [(28, 11), (29, 10)]
(18, 2) -> [(18, 3)]
(23, 9) -> [(23, 8)]
(19, 5) -> [(18, 5)]
(6, 19) -> [(6, 18), (6, 20)]
(6, 29) -> [(5, 29), (7, 29), (6, 28)]
(3, 19) -> [(4, 19)]
(13, 28) -> [(14, 28), (13, 29)]
(7, 16) -> [(6, 16), (8, 16), (7, 15)]
(16, 19) -> [(15, 19), (17, 19), (16, 18), (16, 20)]
(3, 24) -> [(2, 24), (3, 25)]
(27, 3) -> [(26, 3), (28, 3), (27, 2), (27, 4)]
(5, 27) -> [(5, 28)]
(0, 2) -> [(1, 2)]
(7, 7) -> [(6, 7)]
(23, 1) -> [(22, 1), (23, 2)]
(0, 6) -> [(0, 7)]
(16, 5) -> [(17, 5)]
(8, 27) -> [(7, 27), (8, 26)]
(11, 18) -> [(11, 19)]
(14, 8) -> [(13, 8), (15, 8)]
(22, 21) -> [(21, 21), (22, 22)]
(25, 20) -> [(24, 20), (25, 19)]
(15, 26) -> [(14, 26), (16, 26), (15, 27)]
(10, 25) -> [(11, 25), (10, 26)]
(9, 18) -> [(10, 18), (9, 19)]
(5, 11) -> [(4, 11), (5, 10)]
(19, 8) -> [(18, 8), (20, 8)]
(26, 2) -> [(25, 2), (26, 1), (26, 3)]
(17, 2) -> [(17, 1)]
(18, 0) -> [(17, 0), (18, 1)]
(6, 1) -> [(6, 0), (6, 2)]
(18, 16) -> [(18, 17)]
(7, 20) -> [(8, 20)]
(10, 9) -> [(9, 9), (11, 9)]
(9, 7) -> [(8, 7), (10, 7)]
(29, 24) -> [(28, 24), (29, 25)]
(27, 9) -> [(26, 9), (28, 9), (27, 8)]
(27, 6) -> [(26, 6), (28, 6), (27, 5)]
(26, 29) -> [(25, 29), (26, 28)]
(13, 17) -> [(12, 17)]
(13, 6) -> [(12, 6), (14, 6)]
(15, 21) -> [(14, 21), (15, 20), (15, 22)]
(7, 27) -> [(8, 27), (7, 28)]
(16, 3) -> [(15, 3), (16, 4)]
(8, 19) -> [(7, 19), (9, 19), (8, 18), (8, 20)]
(3, 2) -> [(3, 1), (3, 3)]
(26, 4) -> [(26, 5)]
(27, 11) -> [(26, 11), (28, 11)]
(26, 20) -> [(27, 20), (26, 19), (26, 21)]
(6, 28) -> [(6, 29)]
(17, 14) -> [(16, 14), (17, 13)]
(18, 21) -> [(18, 22)]
(13, 14) -> [(12, 14), (13, 13), (13, 15)]
(15, 14) -> [(14, 14), (15, 13)]
(12, 20) -> [(13, 20), (12, 21)]
(12, 24) -> [(11, 24), (12, 25)]
(27, 12) -> [(28, 12), (27, 13)]
(20, 18) -> [(19, 18), (20, 19)]
(27, 16) -> [(28, 16)]
(27, 10) -> [(28, 10)]
(28, 27) -> [(29, 27), (28, 28)]
(24, 12) -> [(24, 13)]
(29, 18) -> [(29, 17), (29, 19)]
(5, 15) -> [(5, 14), (5, 16)]
(28, 16) -> [(27, 16), (28, 15)]
(0, 9) -> [(0, 8)]
(1, 0) -> [(1, 1)]
(28, 7) -> [(27, 7), (28, 8)]
(8, 14) -> [(8, 13), (8, 15)]
(29, 19) -> [(28, 19), (29, 18), (29, 20)]
(10, 13) -> [(10, 12)]
(24, 6) -> [(25, 6), (24, 7)]
(13, 13) -> [(14, 13), (13, 14)]
(27, 2) -> [(27, 3)]
(11, 3) -> [(10, 3), (11, 2), (11, 4)]
(0, 15) -> [(0, 14), (0, 16)]
(8, 6) -> [(7, 6), (9, 6), (8, 7)]
(4, 0) -> [(4, 1)]
(5, 9) -> [(4, 9), (5, 10)]
(17, 20) -> [(18, 20)]
(18, 8) -> [(19, 8), (18, 7)]
(16, 4) -> [(15, 4), (17, 4), (16, 3)]
(25, 29) -> [(26, 29), (25, 28)]
(29, 13) -> [(29, 12), (29, 14)]
(27, 20) -> [(26, 20)]
(28, 25) -> [(27, 25), (29, 25)]
(2, 24) -> [(1, 24), (3, 24)]
(8, 23) -> [(7, 23), (9, 23)]
(9, 12) -> [(10, 12), (9, 13)]
(23, 27) -> [(22, 27), (23, 26), (23, 28)]
(27, 22) -> [(26, 22), (27, 21)]
(18, 3) -> [(19, 3), (18, 2)]
(18, 14) -> [(18, 13), (18, 15)]
(23, 22) -> [(23, 21), (23, 23)]
(24, 15) -> [(25, 15)]
(6, 21) -> [(7, 21), (6, 22)]
(2, 13) -> [(3, 13), (2, 12)]
(5, 7) -> [(5, 6), (5, 8)]
(9, 22) -> [(10, 22), (9, 23)]
(9, 13) -> [(8, 13), (9, 12), (9, 14)]
(21, 7) -> [(20, 7), (22, 7), (21, 8)]
(13, 7) -> [(13, 8)]
(14, 14) -> [(15, 14), (14, 15)]
(6, 11) -> [(7, 11), (6, 10)]
(9, 17) -> [(8, 17), (10, 17)]
(18, 26) -> [(17, 26), (19, 26), (18, 25)]
(3, 25) -> [(2, 25), (4, 25), (3, 24)]
(23, 11) -> [(22, 11), (24, 11), (23, 10)]
(2, 3) -> [(1, 3), (3, 3), (2, 4)]
(5, 25) -> [(5, 24)]
(14, 21) -> [(13, 21), (15, 21), (14, 22)]
(19, 13) -> [(19, 12), (19, 14)]
(9, 27) -> [(9, 26)]
(11, 24) -> [(10, 24), (12, 24), (11, 25)]
(8, 13) -> [(7, 13), (9, 13), (8, 14)]
(7, 8) -> [(6, 8), (7, 9)]
(16, 13) -> [(16, 12)]
(23, 21) -> [(23, 20), (23, 22)]
(9, 21) -> [(8, 21)]
(12, 25) -> [(13, 25), (12, 24)]
(10, 3) -> [(9, 3), (11, 3)]
(18, 23) -> [(19, 23), (18, 24)]
(11, 23) -> [(10, 23), (12, 23)]
(9, 24) -> [(8, 24), (10, 24), (9, 25)]
(6, 22) -> [(6, 21), (6, 23)]
(1, 14) -> [(0, 14), (2, 14), (1, 15)]
(20, 19) -> [(19, 19), (21, 19), (20, 18)]
(6, 5) -> [(6, 4), (6, 6)]
(10, 16) -> [(11, 16), (10, 17)]
(29, 1) -> [(29, 2)]
(16, 18) -> [(17, 18), (16, 19)]
(28, 28) -> [(28, 27), (28, 29)]
(15, 0) -> [(14, 0), (16, 0)]
(23, 7) -> [(22, 7), (23, 6)]
(26, 19) -> [(25, 19), (26, 20)]
(3, 15) -> [(2, 15), (4, 15), (3, 16)]
(25, 9) -> [(25, 10)]
(6, 10) -> [(5, 10), (7, 10), (6, 9), (6, 11)]
(20, 6) -> [(21, 6), (20, 7)]
(2, 8) -> [(1, 8), (3, 8), (2, 7)]
(5, 28) -> [(4, 28), (5, 27)]
(19, 28) -> [(20, 28), (19, 29)]
(0, 1) -> [(1, 1), (0, 0)]
(3, 20) -> [(2, 20), (4, 20)]
(14, 11) -> [(15, 11)]
(26, 24) -> [(27, 24)]
(19, 0) -> [(20, 0), (19, 1)]
(28, 23) -> [(29, 23)]
(24, 7) -> [(25, 7), (24, 6), (24, 8)]
(3, 18) -> [(2, 18), (4, 18)]
(12, 16) -> [(13, 16), (12, 15), (12, 17)]
(14, 10) -> [(13, 10), (14, 9)]
(2, 9) -> [(2, 10)]
(18, 10) -> [(19, 10), (18, 11)]
(25, 19) -> [(26, 19), (25, 18), (25, 20)]
(7, 23) -> [(6, 23), (8, 23)]
(8, 10) -> [(9, 10)]
(15, 2) -> [(14, 2), (16, 2), (15, 1)]
(17, 17) -> [(16, 17), (17, 16)]
(25, 7) -> [(24, 7), (26, 7)]
(1, 2) -> [(0, 2), (2, 2), (1, 1)]
(8, 8) -> [(9, 8)]
(1, 5) -> [(0, 5), (2, 5), (1, 6)]
(22, 1) -> [(23, 1)]
(20, 0) -> [(19, 0)]
(17, 8) -> [(17, 9)]
(19, 11) -> [(18, 11)]
(16, 16) -> [(15, 16), (16, 15)]
(24, 29) -> [(23, 29)]
(2, 6) -> [(3, 6), (2, 7)]
(29, 8) -> [(29, 7), (29, 9)]
(24, 3) -> [(23, 3), (24, 4)]
(3, 8) -> [(2, 8), (3, 7)]
(26, 7) -> [(25, 7), (26, 8)]
(23, 8) -> [(24, 8), (23, 9)]
(15, 9) -> [(14, 9), (16, 9)]
(15, 24) -> [(14, 24), (16, 24), (15, 25)]
(4, 6) -> [(3, 6), (4, 7)]
(1, 6) -> [(1, 5), (1, 7)]
(4, 14) -> [(5, 14), (4, 13)]
(3, 0) -> [(2, 0), (3, 1)]
(26, 28) -> [(27, 28), (26, 29)]
(5, 3) -> [(5, 2)]
(16, 22) -> [(15, 22), (16, 21)]
(2, 18) -> [(3, 18)]
(12, 9) -> [(12, 10)]
(5, 13) -> [(5, 14)]
(1, 1) -> [(0, 1), (1, 0), (1, 2)]
(7, 11) -> [(6, 11), (7, 12)]
(2, 11) -> [(1, 11), (2, 10)]
(0, 0) -> [(0, 1)]
(1, 27) -> [(0, 27), (2, 27), (1, 26)]
(7, 29) -> [(6, 29), (8, 29)]
(7, 6) -> [(6, 6), (8, 6)]
(13, 20) -> [(12, 20), (14, 20), (13, 19)]
(24, 9) -> [(24, 8), (24, 10)]
(25, 12) -> [(26, 12), (25, 11), (25, 13)]
(0, 11) -> [(1, 11), (0, 10)]
(28, 3) -> [(27, 3), (29, 3), (28, 4)]
(1, 16) -> [(2, 16), (1, 17)]
(29, 2) -> [(29, 1), (29, 3)]
(13, 8) -> [(12, 8), (14, 8), (13, 7), (13, 9)]
(14, 18) -> [(15, 18), (14, 19)]
(11, 14) -> [(11, 13)]
(24, 23) -> [(25, 23), (24, 24)]
(28, 8) -> [(28, 7)]
(14, 1) -> [(14, 0), (14, 2)]
(24, 26) -> [(24, 25)]
(6, 24) -> [(7, 24), (6, 23), (6, 25)]
(7, 2) -> [(7, 3)]
(4, 19) -> [(3, 19), (4, 18), (4, 20)]
(11, 8) -> [(10, 8), (11, 9)]
(5, 12) -> [(4, 12), (6, 12)]
(19, 12) -> [(18, 12), (20, 12), (19, 13)]
(2, 4) -> [(1, 4), (2, 3)]
(0, 12) -> [(0, 13)]
(25, 8) -> [(26, 8)]
(20, 29) -> [(19, 29), (21, 29)]
(7, 3) -> [(6, 3), (8, 3), (7, 2)]
(7, 26) -> [(6, 26), (8, 26)]
(14, 4) -> [(15, 4)]
(27, 21) -> [(28, 21), (27, 22)]
(12, 23) -> [(11, 23), (13, 23)]
(9, 11) -> [(8, 11), (10, 11)]
(21, 14) -> [(20, 14), (21, 13)]
(26, 12) -> [(25, 12)]
(17, 21) -> [(16, 21), (17, 22)]
(18, 17) -> [(19, 17), (18, 16), (18, 18)]
(11, 22) -> [(10, 22), (11, 21)]
(24, 25) -> [(23, 25), (24, 26)]
(22, 18) -> [(21, 18), (23, 18)]
(9, 15) -> [(8, 15), (10, 15)]
(4, 25) -> [(3, 25), (4, 24), (4, 26)]
(10, 19) -> [(9, 19), (11, 19)]
(11, 11) -> [(10, 11), (11, 10)]
(22, 20) -> [(21, 20), (23, 20), (22, 19)]
(16, 27) -> [(16, 26), (16, 28)]
(3, 21) -> [(2, 21), (3, 22)]
(11, 12) -> [(10, 12), (12, 12), (11, 13)]
(10, 11) -> [(9, 11), (11, 11), (10, 10)]
(21, 8) -> [(22, 8), (21, 7)]
(12, 19) -> [(13, 19), (12, 18)]
(13, 24) -> [(13, 25)]
(21, 11) -> [(22, 11), (21, 10)]
(26, 10) -> [(25, 10), (26, 9)]
(19, 6) -> [(18, 6), (19, 7)]
(13, 0) -> [(12, 0)]
(25, 10) -> [(26, 10), (25, 9), (25, 11)]
(9, 5) -> [(10, 5), (9, 6)]
(19, 21) -> [(20, 21), (19, 22)]
(7, 5) -> [(8, 5), (7, 4)]
(7, 0) -> [(6, 0), (7, 1)]
(9, 19) -> [(8, 19), (10, 19), (9, 18), (9, 20)]
(10, 17) -> [(9, 17), (11, 17), (10, 16)]
(12, 21) -> [(13, 21), (12, 20), (12, 22)]
(27, 27) -> [(26, 27), (27, 28)]
(0, 7) -> [(1, 7), (0, 6), (0, 8)]
(5, 21) -> [(4, 21), (5, 20), (5, 22)]
(10, 1) -> [(11, 1), (10, 2)]
(19, 24) -> [(18, 24), (19, 25)]
