(1, 1):(8, 8)
(6, 4) -> [(7, 4), (6, 5)]
(27, 15) -> [(26, 15), (27, 14), (27, 16)]
(21, 3) -> [(22, 3), (21, 2), (21, 4)]
(21, 27) -> [(20, 27), (21, 26)]
(2, 13) -> [(1, 13), (2, 12), (2, 14)]
(1, 10) -> [(2, 10), (1, 9)]
(15, 7) -> [(14, 7), (16, 7), (15, 8)]
(22, 19) -> [(21, 19), (23, 19), (22, 18)]
(7, 11) -> [(7, 12)]
(9, 27) -> [(8, 27), (10, 27), (9, 28)]
(2, 12) -> [(1, 12), (3, 12), (2, 13)]
(29, 25) -> [(28, 25), (29, 24)]
(24, 25) -> [(25, 25), (24, 24)]
(14, 18) -> [(13, 18), (15, 18), (14, 19)]
(21, 23) -> [(21, 22)]
(8, 28) -> [(7, 28), (9, 28)]
(24, 22) -> [(25, 22), (24, 21)]
(22, 12) -> [(23, 12), (22, 11)]
(10, 24) -> [(11, 24)]
(25, 13) -> [(24, 13), (26, 13), (25, 14)]
(19, 0) -> [(18, 0), (20, 0), (19, 1)]
(24, 9) -> [(25, 9), (24, 8)]
(5, 27) -> [(4, 27), (5, 28)]
(23, 22) -> [(22, 22)]
(0, 1) -> [(1, 1), (0, 0)]
(15, 8) -> [(14, 8), (16, 8), (15, 7)]
(13, 14) -> [(14, 14), (13, 15)]
(12, 10) -> [(11, 10)]
(23, 2) -> [(22, 2), (24, 2)]
(17, 4) -> [(16, 4)]
(7, 29) -> [(6, 29), (8, 29), (7, 28)]
(19, 7) -> [(20, 7), (19, 6)]
(3, 2) -> [(2, 2), (4, 2), (3, 3)]
(3, 0) -> [(4, 0), (3, 1)]
(21, 28) -> [(22, 28), (21, 29)]
(1, 26) -> [(0, 26), (1, 27)]
(12, 16) -> [(13, 16), (12, 15)]
(4, 15) -> [(5, 15), (4, 16)]
(8, 22) -> [(8, 21), (8, 23)]
(5, 26) -> [(4, 26), (6, 26), (5, 25)]
(29, 18) -> [(29, 17), (29, 19)]
(1, 23) -> [(2, 23), (1, 22)]
(6, 8) -> [(7, 8), (6, 7), (6, 9)]
(8, 21) -> [(7, 21), (9, 21), (8, 22)]
(15, 19) -> [(16, 19)]
(6, 6) -> [(6, 7)]
(19, 18) -> [(18, 18), (19, 19)]
(1, 0) -> [(2, 0)]
(8, 3) -> [(7, 3), (9, 3), (8, 2)]
(23, 27) -> [(23, 28)]
(15, 1) -> [(14, 1), (16, 1), (15, 0), (15, 2)]
(19, 6) -> [(18, 6), (20, 6), (19, 7)]
(26, 2) -> [(27, 2), (26, 1)]
(12, 6) -> [(11, 6), (12, 7)]
(26, 14) -> [(26, 13), (26, 15)]
(8, 14) -> [(7, 14), (8, 13)]
(13, 24) -> [(13, 23)]
(20, 7) -> [(19, 7), (21, 7), (20, 8)]
(20, 2) -> [(21, 2), (20, 3)]
(17, 13) -> [(16, 13), (17, 14)]
(25, 7) -> [(25, 8)]
(29, 14) -> [(28, 14), (29, 15)]
(13, 3) -> [(12, 3), (14, 3)]
(29, 1) -> [(28, 1), (29, 0)]
(16, 25) -> [(15, 25), (17, 25), (16, 24)]
(4, 11) -> [(5, 11)]
(18, 29) -> [(17, 29), (19, 29), (18, 28)]
(6, 18) -> [(5, 18), (6, 17)]
(23, 20) -> [(23, 19)]
(4, 18) -> [(5, 18)]
(10, 1) -> [(10, 0)]
(21, 17) -> [(21, 16)]
(22, 21) -> [(21, 21), (22, 22)]
(8, 7) -> [(9, 7), (8, 6)]
(28, 26) -> [(28, 25), (28, 27)]
(18, 21) -> [(17, 21), (19, 21), (18, 22)]
(15, 28) -> [(14, 28), (16, 28)]
(20, 19) -> [(19, 19), (20, 18)]
(29, 8) -> [(28, 8)]
(10, 29) -> [(9, 29), (10, 28)]
(20, 15) -> [(21, 15), (20, 14)]
(6, 24) -> [(7, 24)]
(6, 15) -> [(5, 15), (7, 15), (6, 16)]
(4, 2) -> [(3, 2), (4, 3)]
(19, 16) -> [(20, 16), (19, 15)]
(14, 17) -> [(13, 17), (14, 16)]
(20, 20) -> [(21, 20), (20, 21)]
(14, 20) -> [(13, 20), (14, 19), (14, 21)]
(4, 9) -> [(5, 9), (4, 10)]
(29, 0) -> [(28, 0), (29, 1)]
(11, 5) -> [(10, 5), (11, 4), (11, 6)]
(25, 1) -> [(24, 1), (25, 0)]
(11, 21) -> [(10, 21), (11, 22)]
(17, 9) -> [(16, 9), (17, 10)]
(10, 21) -> [(11, 21)]
(14, 7) -> [(15, 7), (14, 6)]
(1, 1) -> [(0, 1), (2, 1), (1, 2)]
(9, 1) -> [(9, 0), (9, 2)]
(18, 3) -> [(18, 2)]
(14, 9) -> [(13, 9), (14, 8), (14, 10)]
(23, 0) -> [(24, 0), (23, 1)]
(20, 18) -> [(21, 18), (20, 17), (20, 19)]
(16, 5) -> [(16, 4), (16, 6)]
(16, 3) -> [(15, 3), (16, 2)]
(8, 6) -> [(7, 6), (9, 6), (8, 7)]
(28, 4) -> [(27, 4), (29, 4), (28, 5)]
(14, 29) -> [(15, 29), (14, 28)]
(15, 14) -> [(14, 14), (15, 13)]
(24, 14) -> [(23, 14), (24, 15)]
(0, 4) -> [(0, 3), (0, 5)]
(8, 16) -> [(9, 16), (8, 15)]
(22, 7) -> [(23, 7), (22, 6), (22, 8)]
(25, 25) -> [(24, 25), (26, 25), (25, 26)]
(27, 24) -> [(26, 24), (28, 24)]
(17, 24) -> [(18, 24)]
(18, 12) -> [(19, 12), (18, 11), (18, 13)]
(7, 3) -> [(6, 3), (8, 3), (7, 4)]
(23, 15) -> [(22, 15)]
(6, 22) -> [(7, 22), (6, 23)]
(19, 22) -> [(20, 22)]
(16, 2) -> [(16, 3)]
(18, 23) -> [(17, 23)]
(7, 16) -> [(6, 16), (7, 17)]
(10, 0) -> [(11, 0), (10, 1)]
(22, 13) -> [(22, 14)]
(1, 9) -> [(1, 8), (1, 10)]
(20, 28) -> [(19, 28), (20, 27), (20, 29)]
(12, 13) -> [(12, 14)]
(20, 22) -> [(19, 22), (21, 22)]
(20, 0) -> [(19, 0), (21, 0), (20, 1)]
(22, 0) -> [(22, 1)]
(5, 23) -> [(4, 23), (6, 23), (5, 24)]
(7, 15) -> [(6, 15), (7, 14)]
(4, 7) -> [(5, 7), (4, 6)]
(16, 28) -> [(15, 28), (17, 28), (16, 29)]
(17, 19) -> [(16, 19), (17, 18)]
(3, 4) -> [(3, 3)]
(23, 24) -> [(24, 24)]
(29, 29) -> [(29, 28)]
(2, 10) -> [(1, 10), (3, 10), (2, 9)]
(9, 25) -> [(8, 25), (10, 25), (9, 26)]
(25, 23) -> [(25, 22)]
(6, 12) -> [(5, 12), (7, 12), (6, 13)]
(25, 19) -> [(24, 19), (26, 19)]
(28, 16) -> [(29, 16), (28, 15)]
(19, 8) -> [(20, 8), (19, 9)]
(4, 0) -> [(3, 0), (4, 1)]
(29, 13) -> [(29, 12)]
(13, 13) -> [(14, 13), (13, 12)]
(12, 4) -> [(11, 4), (13, 4), (12, 3)]
(22, 27) -> [(22, 26)]
(11, 19) -> [(11, 18)]
(2, 1) -> [(1, 1), (3, 1), (2, 0)]
(16, 9) -> [(17, 9), (16, 8)]
(17, 12) -> [(16, 12)]
(28, 5) -> [(27, 5), (28, 4)]
(23, 12) -> [(22, 12), (24, 12), (23, 13)]
(19, 17) -> [(18, 17)]
(13, 9) -> [(12, 9), (14, 9)]
(28, 9) -> [(29, 9), (28, 8)]
(5, 6) -> [(5, 5)]
(8, 23) -> [(8, 22), (8, 24)]
(1, 3) -> [(2, 3), (1, 4)]
(14, 10) -> [(13, 10), (15, 10), (14, 9)]
(2, 23) -> [(1, 23), (2, 24)]
(3, 15) -> [(3, 14), (3, 16)]
(25, 18) -> [(24, 18)]
(27, 2) -> [(26, 2), (27, 3)]
(15, 24) -> [(14, 24), (16, 24)]
(9, 11) -> [(10, 11), (9, 10)]
(12, 3) -> [(13, 3), (12, 4)]
(24, 10) -> [(25, 10), (24, 11)]
(19, 11) -> [(20, 11)]
(25, 8) -> [(24, 8), (25, 7)]
(29, 6) -> [(28, 6), (29, 5), (29, 7)]
(6, 2) -> [(6, 1)]
(27, 20) -> [(26, 20), (28, 20)]
(3, 28) -> [(4, 28), (3, 27)]
(27, 26) -> [(26, 26), (27, 25)]
(8, 19) -> [(7, 19), (8, 20)]
(9, 24) -> [(8, 24)]
(2, 22) -> [(3, 22), (2, 21)]
(29, 7) -> [(29, 6)]
(2, 24) -> [(1, 24), (3, 24), (2, 23)]
(24, 6) -> [(23, 6), (24, 7)]
(5, 5) -> [(6, 5), (5, 6)]
(4, 16) -> [(5, 16), (4, 15), (4, 17)]
(8, 11) -> [(8, 10)]
(8, 5) -> [(7, 5), (8, 4)]
(11, 1) -> [(11, 2)]
(8, 29) -> [(7, 29)]
(13, 20) -> [(12, 20), (14, 20), (13, 21)]
(24, 24) -> [(23, 24), (25, 24), (24, 23), (24, 25)]
(20, 14) -> [(19, 14), (21, 14), (20, 13), (20, 15)]
(6, 7) -> [(5, 7), (7, 7), (6, 6), (6, 8)]
(15, 21) -> [(14, 21), (15, 20)]
(3, 8) -> [(2, 8), (4, 8), (3, 7)]
(21, 25) -> [(20, 25), (22, 25), (21, 26)]
(15, 22) -> [(16, 22), (15, 23)]
(10, 6) -> [(11, 6)]
(10, 3) -> [(11, 3), (10, 2)]
(19, 13) -> [(18, 13), (20, 13)]
(7, 9) -> [(8, 9), (7, 8), (7, 10)]
(27, 29) -> [(26, 29), (28, 29), (27, 28)]
(27, 18) -> [(28, 18), (27, 19)]
(3, 24) -> [(2, 24), (3, 25)]
(0, 18) -> [(1, 18), (0, 19)]
(22, 18) -> [(21, 18), (23, 18), (22, 19)]
(22, 2) -> [(23, 2)]
(28, 13) -> [(28, 12), (28, 14)]
(4, 14) -> [(3, 14), (5, 14), (4, 13)]
(5, 15) -> [(4, 15), (6, 15), (5, 14)]
(3, 14) -> [(4, 14), (3, 15)]
(2, 16) -> [(3, 16), (2, 15), (2, 17)]
(24, 23) -> [(23, 23), (24, 24)]
(9, 21) -> [(8, 21), (9, 20), (9, 22)]
(24, 28) -> [(23, 28), (24, 27)]
(2, 18) -> [(2, 19)]
(11, 8) -> [(10, 8), (12, 8)]
(1, 22) -> [(0, 22), (1, 23)]
(19, 27) -> [(19, 26)]
(27, 7) -> [(26, 7), (28, 7), (27, 8)]
(5, 12) -> [(6, 12), (5, 11)]
(10, 12) -> [(9, 12), (11, 12)]
(13, 2) -> [(14, 2)]
(11, 9) -> [(11, 10)]
(9, 20) -> [(10, 20), (9, 21)]
(22, 9) -> [(23, 9)]
(26, 12) -> [(25, 12), (27, 12), (26, 11), (26, 13)]
(7, 5) -> [(6, 5), (8, 5), (7, 6)]
(17, 22) -> [(16, 22), (17, 23)]
(6, 3) -> [(5, 3), (7, 3)]
(27, 28) -> [(27, 27), (27, 29)]
(13, 16) -> [(12, 16), (13, 17)]
(28, 11) -> [(27, 11)]
(12, 14) -> [(11, 14), (12, 13)]
(5, 29) -> [(6, 29)]
(12, 25) -> [(13, 25), (12, 24)]
(10, 19) -> [(9, 19), (10, 20)]
(13, 22) -> [(14, 22), (13, 23)]
(5, 24) -> [(5, 23)]
(29, 24) -> [(29, 25)]
(23, 3) -> [(24, 3)]
(9, 0) -> [(8, 0), (9, 1)]
(7, 20) -> [(6, 20), (7, 21)]
(8, 8) -> [(7, 8), (9, 8)]
(8, 26) -> [(7, 26)]
(13, 5) -> [(12, 5), (14, 5), (13, 6)]
(17, 11) -> [(18, 11)]
(26, 6) -> [(25, 6), (27, 6), (26, 5), (26, 7)]
(6, 26) -> [(5, 26), (7, 26), (6, 27)]
(3, 29) -> [(4, 29)]
(10, 9) -> [(10, 8)]
(1, 28) -> [(2, 28), (1, 27)]
(1, 29) -> [(0, 29), (2, 29)]
(10, 17) -> [(9, 17)]
(21, 24) -> [(20, 24)]
(27, 0) -> [(28, 0), (27, 1)]
(24, 16) -> [(23, 16), (25, 16), (24, 15)]
(22, 10) -> [(23, 10), (22, 11)]
(3, 26) -> [(3, 27)]
(10, 2) -> [(9, 2), (11, 2), (10, 3)]
(16, 6) -> [(15, 6), (17, 6), (16, 5)]
(7, 17) -> [(8, 17), (7, 16)]
(21, 14) -> [(20, 14), (22, 14)]
(20, 24) -> [(19, 24), (21, 24)]
(9, 23) -> [(10, 23)]
(18, 9) -> [(19, 9), (18, 10)]
(15, 10) -> [(14, 10), (15, 9)]
(28, 2) -> [(29, 2), (28, 3)]
(26, 8) -> [(26, 7)]
(3, 19) -> [(2, 19), (3, 20)]
(29, 11) -> [(29, 10), (29, 12)]
(14, 0) -> [(15, 0)]
(23, 4) -> [(22, 4)]
(29, 10) -> [(28, 10), (29, 9), (29, 11)]
(0, 12) -> [(0, 11), (0, 13)]
(7, 2) -> [(8, 2), (7, 1)]
(20, 11) -> [(19, 11), (20, 10)]
(2, 2) -> [(3, 2)]
(5, 19) -> [(4, 19), (5, 18)]
(6, 9) -> [(6, 8)]
(7, 12) -> [(6, 12), (8, 12), (7, 11)]
(16, 1) -> [(15, 1), (17, 1)]
(2, 0) -> [(1, 0), (2, 1)]
(19, 25) -> [(18, 25), (19, 24)]
(14, 1) -> [(13, 1), (15, 1)]
(15, 12) -> [(14, 12)]
(19, 26) -> [(20, 26), (19, 27)]
(21, 6) -> [(20, 6), (22, 6), (21, 5)]
(25, 14) -> [(25, 13)]
(3, 12) -> [(2, 12), (4, 12), (3, 11), (3, 13)]
(14, 16) -> [(15, 16), (14, 17)]
(20, 29) -> [(21, 29), (20, 28)]
(3, 21) -> [(4, 21), (3, 22)]
(26, 5) -> [(26, 4), (26, 6)]
(24, 4) -> [(24, 3), (24, 5)]
(18, 0) -> [(19, 0)]
(5, 17) -> [(5, 16)]
(13, 19) -> [(13, 18)]
(22, 26) -> [(21, 26), (23, 26), (22, 27)]
(19, 23) -> [(20, 23), (19, 24)]
(10, 18) -> [(9, 18), (11, 18)]
(13, 28) -> [(12, 28), (14, 28)]
(25, 2) -> [(25, 3)]
(8, 4) -> [(9, 4), (8, 5)]
(19, 28) -> [(20, 28), (19, 29)]
(29, 20) -> [(29, 19)]
(19, 1) -> [(19, 0), (19, 2)]
(26, 24) -> [(27, 24), (26, 23)]
(0, 10) -> [(0, 11)]
(4, 5) -> [(3, 5), (4, 6)]
(28, 12) -> [(27, 12), (29, 12), (28, 13)]
(14, 22) -> [(13, 22), (14, 21), (14, 23)]
(19, 14) -> [(18, 14), (20, 14), (19, 15)]
(7, 28) -> [(8, 28), (7, 29)]
(27, 5) -> [(28, 5)]
(15, 9) -> [(15, 10)]
(28, 28) -> [(29, 28), (28, 27)]
(13, 27) -> [(14, 27), (13, 26)]
(26, 29) -> [(27, 29)]
(29, 19) -> [(28, 19), (29, 18), (29, 20)]
(11, 2) -> [(10, 2), (11, 1)]
(0, 26) -> [(1, 26), (0, 25), (0, 27)]
(17, 21) -> [(16, 21), (18, 21)]
(3, 16) -> [(2, 16), (3, 15), (3, 17)]
(12, 2) -> [(12, 1)]
(5, 4) -> [(4, 4), (5, 3)]
(20, 16) -> [(19, 16)]
(24, 7) -> [(24, 6), (24, 8)]
(2, 19) -> [(3, 19), (2, 18), (2, 20)]
(26, 27) -> [(27, 27), (26, 28)]
(27, 4) -> [(28, 4), (27, 3)]
(5, 3) -> [(6, 3), (5, 4)]
(18, 4) -> [(18, 5)]
(25, 17) -> [(26, 17), (25, 16)]
(5, 0) -> [(6, 0)]
(19, 12) -> [(18, 12)]
(2, 7) -> [(1, 7), (2, 8)]
(25, 12) -> [(26, 12)]
(13, 29) -> [(12, 29)]
(29, 15) -> [(28, 15), (29, 14)]
(29, 9) -> [(28, 9), (29, 10)]
(4, 22) -> [(3, 22), (5, 22)]
(21, 7) -> [(20, 7)]
(2, 14) -> [(1, 14), (2, 13)]
(23, 1) -> [(23, 0)]
(18, 1) -> [(17, 1), (18, 2)]
(28, 14) -> [(29, 14), (28, 13)]
(16, 11) -> [(15, 11), (16, 10)]
(17, 18) -> [(17, 17), (17, 19)]
(23, 6) -> [(24, 6), (23, 5), (23, 7)]
(25, 26) -> [(26, 26), (25, 25), (25, 27)]
(0, 14) -> [(0, 15)]
(6, 5) -> [(5, 5), (7, 5), (6, 4)]
(21, 8) -> [(22, 8)]
(9, 18) -> [(8, 18), (10, 18), (9, 17), (9, 19)]
(18, 7) -> [(17, 7), (18, 6), (18, 8)]
(6, 28) -> [(6, 27), (6, 29)]
(18, 27) -> [(17, 27), (18, 28)]
(2, 28) -> [(1, 28), (2, 29)]
(9, 22) -> [(10, 22), (9, 21)]
(23, 25) -> [(23, 26)]
(29, 26) -> [(29, 27)]
(24, 0) -> [(23, 0), (24, 1)]
(5, 7) -> [(4, 7), (6, 7), (5, 8)]
(25, 22) -> [(24, 22), (26, 22), (25, 23)]
(15, 15) -> [(16, 15)]
(23, 9) -> [(22, 9), (23, 8)]
(14, 26) -> [(13, 26), (15, 26), (14, 25)]
(21, 9) -> [(20, 9), (21, 10)]
(28, 23) -> [(29, 23), (28, 22)]
(12, 5) -> [(13, 5)]
(26, 0) -> [(25, 0), (26, 1)]
(26, 10) -> [(26, 11)]
(23, 18) -> [(22, 18)]
(12, 23) -> [(13, 23)]
(0, 13) -> [(1, 13), (0, 12)]
(6, 1) -> [(5, 1), (6, 0), (6, 2)]
(20, 17) -> [(20, 18)]
(15, 20) -> [(16, 20), (15, 21)]
(28, 20) -> [(27, 20), (28, 21)]
(14, 2) -> [(13, 2), (15, 2), (14, 3)]
(27, 22) -> [(26, 22), (27, 23)]
(11, 6) -> [(10, 6), (12, 6), (11, 5)]
(20, 5) -> [(19, 5), (21, 5)]
(3, 13) -> [(3, 12)]
(7, 6) -> [(8, 6), (7, 5), (7, 7)]
(2, 26) -> [(2, 25), (2, 27)]
(25, 9) -> [(24, 9), (26, 9), (25, 10)]
(6, 17) -> [(6, 18)]
(11, 14) -> [(10, 14), (12, 14), (11, 15)]
(21, 10) -> [(20, 10), (21, 9)]
(14, 25) -> [(15, 25), (14, 26)]
(16, 29) -> [(16, 28)]
(17, 7) -> [(18, 7)]
(9, 14) -> [(9, 15)]
(24, 21) -> [(23, 21), (24, 22)]
(7, 22) -> [(6, 22)]
(0, 9) -> [(0, 8)]
(19, 4) -> [(20, 4), (19, 5)]
(6, 23) -> [(5, 23), (6, 22)]
(20, 26) -> [(19, 26), (21, 26)]
(19, 29) -> [(18, 29), (19, 28)]
(24, 20) -> [(25, 20)]
(15, 25) -> [(14, 25), (16, 25)]
(17, 27) -> [(16, 27), (18, 27), (17, 28)]
(16, 19) -> [(15, 19), (17, 19), (16, 18)]
(24, 26) -> [(23, 26)]
(24, 19) -> [(23, 19), (25, 19), (24, 18)]
(11, 25) -> [(10, 25), (11, 24)]
(23, 28) -> [(24, 28), (23, 27)]
(26, 21) -> [(25, 21), (27, 21), (26, 22)]
(16, 15) -> [(15, 15), (16, 16)]
(8, 1) -> [(8, 2)]
(26, 22) -> [(25, 22), (27, 22), (26, 21)]
(3, 18) -> [(3, 17)]
(10, 14) -> [(11, 14), (10, 13)]
(16, 12) -> [(17, 12), (16, 13)]
(25, 0) -> [(26, 0), (25, 1)]
(6, 14) -> [(7, 14)]
(15, 2) -> [(14, 2), (15, 1)]
(1, 20) -> [(0, 20), (2, 20), (1, 21)]
(4, 13) -> [(5, 13), (4, 14)]
(1, 6) -> [(0, 6), (1, 7)]
(22, 11) -> [(21, 11), (22, 10), (22, 12)]
(21, 26) -> [(20, 26), (22, 26), (21, 25), (21, 27)]
(11, 0) -> [(10, 0), (12, 0)]
(7, 8) -> [(6, 8), (8, 8), (7, 9)]
(14, 27) -> [(13, 27), (14, 28)]
(27, 3) -> [(26, 3), (28, 3), (27, 2), (27, 4)]
(26, 20) -> [(27, 20), (26, 19)]
(17, 2) -> [(18, 2), (17, 3)]
(19, 2) -> [(18, 2), (19, 1), (19, 3)]
(9, 12) -> [(10, 12), (9, 13)]
(9, 17) -> [(10, 17), (9, 16), (9, 18)]
(20, 27) -> [(21, 27), (20, 28)]
(23, 10) -> [(22, 10)]
(20, 13) -> [(19, 13), (21, 13), (20, 14)]
(28, 22) -> [(29, 22), (28, 23)]
(15, 29) -> [(14, 29)]
(25, 21) -> [(26, 21), (25, 20)]
(6, 11) -> [(5, 11), (6, 10)]
(27, 8) -> [(28, 8), (27, 7), (27, 9)]
(15, 27) -> [(16, 27)]
(23, 29) -> [(22, 29), (24, 29)]
(9, 16) -> [(8, 16), (9, 17)]
(12, 9) -> [(13, 9)]
(28, 25) -> [(27, 25), (29, 25), (28, 24), (28, 26)]
(11, 11) -> [(11, 12)]
(0, 23) -> [(0, 24)]
(17, 5) -> [(18, 5), (17, 6)]
(24, 2) -> [(23, 2), (24, 1)]
(9, 28) -> [(8, 28), (9, 27)]
(20, 9) -> [(21, 9), (20, 8)]
(6, 20) -> [(5, 20), (7, 20), (6, 21)]
(22, 6) -> [(21, 6), (22, 7)]
(24, 3) -> [(23, 3), (24, 4)]
(24, 8) -> [(25, 8), (24, 7), (24, 9)]
(27, 17) -> [(28, 17)]
(11, 23) -> [(11, 24)]
(28, 21) -> [(27, 21), (29, 21), (28, 20)]
(22, 16) -> [(21, 16), (23, 16)]
(29, 3) -> [(29, 2), (29, 4)]
(18, 20) -> [(17, 20), (19, 20), (18, 19)]
(29, 16) -> [(28, 16), (29, 17)]
(7, 19) -> [(6, 19), (8, 19), (7, 18)]
(20, 10) -> [(21, 10), (20, 11)]
(17, 28) -> [(16, 28), (17, 27)]
(26, 18) -> [(26, 17)]
(10, 13) -> [(11, 13), (10, 14)]
(12, 1) -> [(13, 1), (12, 2)]
(10, 22) -> [(9, 22), (11, 22), (10, 23)]
(0, 16) -> [(1, 16), (0, 17)]
(27, 1) -> [(26, 1), (27, 0)]
(13, 23) -> [(12, 23), (13, 22), (13, 24)]
(1, 25) -> [(1, 24)]
(19, 20) -> [(18, 20), (19, 21)]
(25, 20) -> [(24, 20), (25, 21)]
(4, 27) -> [(5, 27), (4, 26)]
(25, 15) -> [(24, 15), (26, 15)]
(14, 3) -> [(13, 3), (14, 2), (14, 4)]
(19, 15) -> [(19, 14), (19, 16)]
(24, 27) -> [(25, 27), (24, 28)]
(3, 5) -> [(2, 5), (4, 5)]
(16, 18) -> [(15, 18), (16, 19)]
(11, 16) -> [(10, 16), (11, 17)]
(14, 12) -> [(15, 12), (14, 13)]
(4, 6) -> [(4, 5), (4, 7)]
(4, 21) -> [(3, 21), (4, 20)]
(28, 0) -> [(27, 0), (29, 0)]
(21, 18) -> [(20, 18), (22, 18)]
(14, 15) -> [(14, 14)]
(11, 20) -> [(12, 20)]
(15, 5) -> [(15, 4)]
(29, 28) -> [(28, 28), (29, 29)]
(1, 4) -> [(1, 3), (1, 5)]
(26, 9) -> [(25, 9), (27, 9)]
(10, 4) -> [(10, 5)]
(20, 4) -> [(19, 4), (20, 3)]
(2, 15) -> [(1, 15), (2, 16)]
(15, 16) -> [(14, 16), (16, 16)]
(5, 21) -> [(5, 20), (5, 22)]
(1, 17) -> [(1, 18)]
(11, 7) -> [(12, 7)]
(7, 4) -> [(6, 4), (7, 3)]
(26, 15) -> [(25, 15), (27, 15), (26, 14), (26, 16)]
(5, 16) -> [(4, 16), (5, 17)]
(4, 25) -> [(3, 25), (5, 25), (4, 24)]
(29, 4) -> [(28, 4), (29, 3)]
(19, 19) -> [(20, 19), (19, 18)]
(0, 20) -> [(1, 20), (0, 19)]
(12, 19) -> [(12, 20)]
(0, 25) -> [(0, 26)]
(10, 28) -> [(11, 28), (10, 29)]
(28, 10) -> [(27, 10), (29, 10)]
(7, 18) -> [(8, 18), (7, 19)]
(4, 10) -> [(3, 10), (5, 10), (4, 9)]
(29, 5) -> [(29, 6)]
(6, 13) -> [(7, 13), (6, 12)]
(17, 1) -> [(16, 1), (18, 1), (17, 0)]
(25, 6) -> [(26, 6), (25, 5)]
(3, 9) -> [(3, 10)]
(19, 3) -> [(20, 3), (19, 2)]
(24, 18) -> [(25, 18), (24, 17), (24, 19)]
(0, 5) -> [(0, 4), (0, 6)]
(16, 8) -> [(15, 8), (17, 8), (16, 9)]
(23, 7) -> [(22, 7), (23, 6)]
(28, 18) -> [(27, 18)]
(22, 17) -> [(23, 17)]
(17, 0) -> [(16, 0), (17, 1)]
(21, 13) -> [(20, 13), (21, 12)]
(1, 27) -> [(2, 27), (1, 26), (1, 28)]
(29, 27) -> [(28, 27), (29, 26)]
(1, 12) -> [(2, 12)]
(11, 4) -> [(12, 4), (11, 3), (11, 5)]
(2, 29) -> [(1, 29), (2, 28)]
(9, 19) -> [(10, 19), (9, 18)]
(11, 18) -> [(10, 18), (12, 18), (11, 19)]
(25, 27) -> [(24, 27), (25, 26), (25, 28)]
(14, 28) -> [(13, 28), (15, 28), (14, 27), (14, 29)]
(22, 25) -> [(21, 25), (22, 24)]
(17, 29) -> [(18, 29)]
(24, 5) -> [(25, 5), (24, 4)]
(7, 25) -> [(8, 25), (7, 24), (7, 26)]
(7, 1) -> [(7, 0), (7, 2)]
(0, 3) -> [(0, 4)]
(13, 18) -> [(14, 18), (13, 19)]
(21, 15) -> [(20, 15), (21, 16)]
(10, 10) -> [(11, 10), (10, 11)]
(21, 19) -> [(22, 19), (21, 20)]
(18, 28) -> [(18, 27), (18, 29)]
(9, 7) -> [(8, 7), (9, 8)]
(18, 8) -> [(17, 8), (18, 7)]
(0, 29) -> [(1, 29), (0, 28)]
(17, 3) -> [(17, 2)]
(25, 10) -> [(24, 10), (25, 9)]
(18, 18) -> [(19, 18), (18, 19)]
(18, 2) -> [(17, 2), (19, 2), (18, 1), (18, 3)]
(2, 20) -> [(1, 20), (2, 19)]
(17, 26) -> [(18, 26), (17, 25)]
(9, 3) -> [(8, 3), (9, 4)]
(26, 1) -> [(27, 1), (26, 0), (26, 2)]
(27, 16) -> [(27, 15)]
(2, 27) -> [(1, 27), (3, 27), (2, 26)]
(19, 24) -> [(18, 24), (20, 24), (19, 23), (19, 25)]
(20, 8) -> [(19, 8), (20, 7), (20, 9)]
(23, 8) -> [(22, 8), (23, 9)]
(1, 15) -> [(0, 15), (2, 15), (1, 14), (1, 16)]
(26, 11) -> [(25, 11), (26, 10), (26, 12)]
(26, 23) -> [(27, 23), (26, 24)]
(11, 27) -> [(10, 27), (12, 27), (11, 26), (11, 28)]
(12, 29) -> [(13, 29), (12, 28)]
(21, 16) -> [(22, 16), (21, 15), (21, 17)]
(1, 2) -> [(0, 2), (1, 1)]
(8, 24) -> [(9, 24), (8, 23)]
(23, 19) -> [(22, 19), (24, 19), (23, 20)]
(11, 17) -> [(11, 16)]
(7, 0) -> [(6, 0), (7, 1)]
(10, 5) -> [(9, 5), (11, 5), (10, 4)]
(18, 24) -> [(17, 24), (19, 24)]
(0, 0) -> [(0, 1)]
(13, 8) -> [(14, 8)]
(9, 15) -> [(8, 15), (10, 15), (9, 14)]
(27, 13) -> [(26, 13)]
(11, 10) -> [(10, 10), (12, 10), (11, 9)]
(3, 27) -> [(2, 27), (3, 26), (3, 28)]
(26, 17) -> [(25, 17), (26, 18)]
(5, 2) -> [(5, 1)]
(12, 15) -> [(13, 15), (12, 16)]
(10, 8) -> [(9, 8), (11, 8), (10, 7), (10, 9)]
(0, 24) -> [(1, 24), (0, 23)]
(18, 5) -> [(17, 5), (18, 4)]
(27, 14) -> [(27, 15)]
(13, 25) -> [(12, 25), (13, 26)]
(2, 21) -> [(2, 22)]
(0, 8) -> [(1, 8), (0, 9)]
(18, 14) -> [(17, 14), (19, 14)]
(28, 1) -> [(29, 1)]
(12, 27) -> [(11, 27), (12, 26)]
(22, 28) -> [(21, 28), (22, 29)]
(23, 26) -> [(22, 26), (24, 26), (23, 25)]
(12, 26) -> [(13, 26), (12, 27)]
(18, 11) -> [(17, 11), (18, 12)]
(9, 4) -> [(8, 4), (9, 3), (9, 5)]
(22, 5) -> [(23, 5)]
(19, 10) -> [(18, 10)]
(17, 8) -> [(16, 8), (18, 8)]
(6, 27) -> [(6, 26), (6, 28)]
(21, 11) -> [(22, 11)]
(13, 11) -> [(14, 11), (13, 10)]
(17, 10) -> [(16, 10), (17, 9)]
(16, 0) -> [(17, 0)]
(7, 10) -> [(7, 9)]
(22, 8) -> [(21, 8), (23, 8), (22, 7)]
(16, 22) -> [(15, 22), (17, 22)]
(19, 5) -> [(20, 5), (19, 4)]
(29, 21) -> [(28, 21), (29, 22)]
(1, 5) -> [(1, 4)]
(3, 20) -> [(4, 20), (3, 19)]
(4, 24) -> [(4, 25)]
(17, 14) -> [(18, 14), (17, 13)]
(3, 25) -> [(4, 25), (3, 24)]
(11, 22) -> [(10, 22), (12, 22), (11, 21)]
(22, 20) -> [(21, 20)]
(28, 19) -> [(29, 19)]
(25, 11) -> [(26, 11)]
(24, 13) -> [(25, 13), (24, 12)]
(5, 9) -> [(4, 9)]
(11, 29) -> [(11, 28)]
(17, 6) -> [(16, 6), (17, 5)]
(17, 16) -> [(16, 16), (17, 15)]
(11, 3) -> [(10, 3), (11, 4)]
(4, 26) -> [(5, 26), (4, 27)]
(16, 21) -> [(17, 21), (16, 20)]
(18, 25) -> [(19, 25), (18, 26)]
(18, 22) -> [(18, 21)]
(8, 10) -> [(9, 10), (8, 11)]
(13, 0) -> [(12, 0), (13, 1)]
(27, 12) -> [(26, 12), (28, 12), (27, 11)]
(21, 0) -> [(20, 0)]
(1, 11) -> [(0, 11)]
(22, 24) -> [(22, 25)]
(4, 4) -> [(5, 4)]
(7, 21) -> [(8, 21), (7, 20)]
(0, 21) -> [(1, 21), (0, 22)]
(6, 16) -> [(7, 16), (6, 15)]
(12, 11) -> [(12, 12)]
(27, 11) -> [(28, 11), (27, 12)]
(2, 8) -> [(3, 8), (2, 7), (2, 9)]
(3, 10) -> [(2, 10), (4, 10), (3, 9), (3, 11)]
(0, 2) -> [(1, 2)]
(6, 0) -> [(5, 0), (7, 0), (6, 1)]
(25, 16) -> [(24, 16), (25, 17)]
(1, 14) -> [(2, 14), (1, 15)]
(15, 17) -> [(16, 17), (15, 18)]
(18, 17) -> [(17, 17), (19, 17), (18, 16)]
(28, 27) -> [(29, 27), (28, 26), (28, 28)]
(7, 26) -> [(6, 26), (8, 26), (7, 25), (7, 27)]
(10, 27) -> [(9, 27), (11, 27)]
(15, 18) -> [(14, 18), (16, 18), (15, 17)]
(28, 7) -> [(27, 7), (28, 6)]
(8, 0) -> [(9, 0)]
(9, 9) -> [(8, 9), (9, 10)]
(22, 29) -> [(23, 29), (22, 28)]
(26, 19) -> [(25, 19), (27, 19), (26, 20)]
(16, 27) -> [(15, 27), (17, 27)]
(11, 28) -> [(10, 28), (11, 27), (11, 29)]
(0, 28) -> [(0, 29)]
(0, 15) -> [(1, 15), (0, 14)]
(1, 13) -> [(0, 13), (2, 13)]
(13, 10) -> [(14, 10), (13, 11)]
(16, 24) -> [(15, 24), (16, 23), (16, 25)]
(4, 20) -> [(3, 20), (4, 19), (4, 21)]
(8, 17) -> [(7, 17)]
(10, 11) -> [(9, 11), (10, 10)]
(11, 12) -> [(10, 12), (12, 12), (11, 11), (11, 13)]
(16, 4) -> [(17, 4), (16, 5)]
(16, 13) -> [(15, 13), (17, 13), (16, 12), (16, 14)]
(17, 23) -> [(16, 23), (18, 23), (17, 22)]
(23, 14) -> [(24, 14)]
(13, 1) -> [(12, 1), (14, 1), (13, 0)]
(9, 26) -> [(9, 25)]
(10, 7) -> [(10, 8)]
(27, 6) -> [(26, 6)]
(23, 17) -> [(22, 17), (23, 16)]
(17, 17) -> [(18, 17), (17, 18)]
(28, 17) -> [(27, 17), (29, 17)]
(17, 25) -> [(16, 25), (17, 26)]
(18, 16) -> [(18, 15), (18, 17)]
(20, 25) -> [(21, 25)]
(8, 27) -> [(9, 27)]
(21, 20) -> [(20, 20), (22, 20), (21, 19)]
(21, 22) -> [(20, 22), (22, 22), (21, 23)]
(27, 21) -> [(26, 21), (28, 21)]
(16, 16) -> [(15, 16), (17, 16), (16, 15), (16, 17)]
(23, 13) -> [(23, 12)]
(27, 27) -> [(26, 27), (27, 28)]
(5, 28) -> [(4, 28), (5, 27)]
(18, 26) -> [(17, 26), (18, 25)]
(21, 4) -> [(22, 4), (21, 3)]
(8, 2) -> [(7, 2), (8, 1), (8, 3)]
(21, 29) -> [(20, 29), (21, 28)]
(23, 21) -> [(24, 21)]
(0, 19) -> [(0, 18), (0, 20)]
(5, 1) -> [(4, 1), (6, 1), (5, 2)]
(13, 6) -> [(14, 6), (13, 5)]
(4, 17) -> [(3, 17), (4, 16)]
(27, 25) -> [(28, 25), (27, 26)]
(5, 14) -> [(4, 14), (5, 15)]
(10, 15) -> [(9, 15), (11, 15), (10, 16)]
(21, 21) -> [(20, 21), (22, 21)]
(29, 23) -> [(28, 23)]
(9, 2) -> [(10, 2), (9, 1)]
(3, 17) -> [(4, 17), (3, 16), (3, 18)]
(5, 10) -> [(4, 10)]
(8, 25) -> [(7, 25), (9, 25)]
(12, 8) -> [(11, 8), (12, 7)]
(14, 8) -> [(13, 8), (15, 8), (14, 9)]
(5, 18) -> [(4, 18), (6, 18), (5, 19)]
(11, 24) -> [(10, 24), (12, 24), (11, 23), (11, 25)]
(26, 28) -> [(25, 28), (26, 27)]
(21, 12) -> [(20, 12), (21, 13)]
(22, 14) -> [(21, 14), (22, 13), (22, 15)]
(15, 26) -> [(14, 26), (16, 26)]
(4, 1) -> [(5, 1), (4, 0)]
(18, 6) -> [(19, 6), (18, 7)]
(7, 7) -> [(6, 7), (7, 6)]
(10, 16) -> [(11, 16), (10, 15)]
(29, 2) -> [(28, 2), (29, 3)]
(9, 6) -> [(8, 6)]
(3, 7) -> [(3, 6), (3, 8)]
(13, 17) -> [(14, 17), (13, 16)]
(6, 21) -> [(6, 20)]
(0, 6) -> [(1, 6), (0, 5), (0, 7)]
(5, 22) -> [(4, 22), (5, 21)]
(8, 9) -> [(7, 9), (9, 9)]
(8, 20) -> [(8, 19)]
(12, 0) -> [(11, 0), (13, 0)]
(3, 1) -> [(2, 1), (3, 0)]
(7, 23) -> [(7, 24)]
(18, 19) -> [(18, 18), (18, 20)]
(7, 14) -> [(6, 14), (8, 14), (7, 15)]
(8, 15) -> [(9, 15), (8, 16)]
(1, 16) -> [(0, 16), (1, 15)]
(14, 13) -> [(13, 13), (14, 12)]
(26, 16) -> [(26, 15)]
(27, 19) -> [(26, 19), (27, 18)]
(4, 28) -> [(3, 28), (5, 28), (4, 29)]
(4, 19) -> [(5, 19), (4, 20)]
(1, 7) -> [(2, 7), (1, 6)]
(25, 5) -> [(24, 5), (25, 4), (25, 6)]
(4, 29) -> [(3, 29), (4, 28)]
(28, 29) -> [(27, 29)]
(13, 21) -> [(13, 20)]
(16, 7) -> [(15, 7)]
(28, 6) -> [(29, 6), (28, 7)]
(29, 12) -> [(28, 12), (29, 11), (29, 13)]
(13, 26) -> [(12, 26), (14, 26), (13, 25), (13, 27)]
(27, 9) -> [(26, 9), (27, 8), (27, 10)]
(12, 21) -> [(12, 20)]
(28, 3) -> [(27, 3), (28, 2)]
(4, 3) -> [(4, 2)]
(14, 14) -> [(13, 14), (15, 14), (14, 15)]
(15, 23) -> [(14, 23), (15, 22)]
(3, 11) -> [(2, 11), (3, 10), (3, 12)]
(7, 27) -> [(7, 26)]
(20, 3) -> [(19, 3), (20, 2), (20, 4)]
(28, 15) -> [(29, 15), (28, 16)]
(21, 2) -> [(20, 2), (21, 1), (21, 3)]
(26, 26) -> [(25, 26), (27, 26)]
(5, 8) -> [(4, 8), (5, 7)]
(28, 24) -> [(27, 24), (28, 25)]
(14, 21) -> [(15, 21), (14, 20), (14, 22)]
(2, 4) -> [(2, 3), (2, 5)]
(12, 12) -> [(11, 12), (13, 12), (12, 11)]
(18, 10) -> [(19, 10), (18, 9)]
(24, 12) -> [(23, 12), (24, 13)]
(3, 6) -> [(2, 6), (3, 7)]
(10, 26) -> [(10, 25)]
(1, 19) -> [(1, 18)]
(2, 17) -> [(2, 16)]
(2, 25) -> [(2, 26)]
(3, 23) -> [(4, 23), (3, 22)]
(27, 23) -> [(26, 23), (27, 22)]
(8, 12) -> [(7, 12)]
(12, 20) -> [(11, 20), (13, 20), (12, 19), (12, 21)]
(10, 23) -> [(9, 23), (10, 22)]
(23, 23) -> [(22, 23), (24, 23)]
(6, 29) -> [(5, 29), (7, 29), (6, 28)]
(17, 20) -> [(18, 20)]
(25, 29) -> [(25, 28)]
(25, 3) -> [(26, 3), (25, 2), (25, 4)]
(6, 25) -> [(5, 25)]
(25, 4) -> [(25, 3), (25, 5)]
(14, 6) -> [(13, 6), (15, 6), (14, 7)]
(15, 11) -> [(16, 11)]
(8, 13) -> [(7, 13), (9, 13), (8, 14)]
(22, 22) -> [(21, 22), (23, 22), (22, 21)]
(13, 4) -> [(12, 4)]
(9, 5) -> [(10, 5), (9, 4)]
(12, 28) -> [(13, 28), (12, 29)]
(5, 25) -> [(4, 25), (6, 25), (5, 26)]
(11, 13) -> [(10, 13), (11, 12)]
(19, 21) -> [(18, 21), (19, 20)]
(16, 17) -> [(15, 17), (16, 16)]
(14, 23) -> [(15, 23), (14, 22)]
(28, 8) -> [(27, 8), (29, 8), (28, 9)]
(5, 20) -> [(6, 20), (5, 21)]
(13, 7) -> [(12, 7)]
(14, 11) -> [(13, 11)]
(18, 15) -> [(18, 16)]
(15, 13) -> [(16, 13), (15, 14)]
(5, 11) -> [(4, 11), (6, 11), (5, 12)]
(20, 23) -> [(19, 23)]
(22, 1) -> [(21, 1), (22, 0)]
(25, 28) -> [(26, 28), (25, 27), (25, 29)]
(1, 18) -> [(0, 18), (1, 17), (1, 19)]
(0, 17) -> [(0, 16)]
(15, 0) -> [(14, 0), (15, 1)]
(13, 12) -> [(12, 12), (13, 13)]
(20, 12) -> [(21, 12)]
(26, 3) -> [(25, 3), (27, 3)]
(12, 17) -> [(12, 18)]
(12, 24) -> [(11, 24), (12, 25)]
(23, 11) -> [(24, 11)]
(24, 15) -> [(25, 15), (24, 14), (24, 16)]
(2, 3) -> [(1, 3), (3, 3), (2, 4)]
(9, 29) -> [(10, 29)]
(10, 25) -> [(9, 25), (11, 25), (10, 26)]
(12, 7) -> [(11, 7), (13, 7), (12, 6), (12, 8)]
(4, 8) -> [(3, 8), (5, 8)]
(6, 10) -> [(6, 11)]
(9, 10) -> [(8, 10), (9, 9), (9, 11)]
(4, 23) -> [(3, 23), (5, 23)]
(24, 11) -> [(23, 11), (24, 10)]
(24, 1) -> [(25, 1), (24, 0), (24, 2)]
(15, 6) -> [(14, 6), (16, 6)]
(16, 26) -> [(15, 26)]
(21, 5) -> [(20, 5), (21, 6)]
(26, 4) -> [(26, 5)]
(20, 21) -> [(21, 21), (20, 20)]
(3, 3) -> [(2, 3), (3, 2), (3, 4)]
(15, 3) -> [(16, 3), (15, 4)]
(16, 23) -> [(17, 23), (16, 24)]
(8, 18) -> [(7, 18), (9, 18)]
(16, 14) -> [(16, 13)]
(22, 4) -> [(21, 4), (23, 4)]
(15, 4) -> [(14, 4), (15, 3), (15, 5)]
(9, 13) -> [(8, 13), (9, 12)]
(16, 20) -> [(15, 20), (16, 21)]
(0, 7) -> [(0, 6)]
(26, 7) -> [(27, 7), (26, 6), (26, 8)]
(26, 25) -> [(25, 25)]
(7, 24) -> [(6, 24), (7, 23), (7, 25)]
(29, 17) -> [(28, 17), (29, 16), (29, 18)]
(20, 6) -> [(19, 6), (21, 6)]
(0, 22) -> [(1, 22), (0, 21)]
(0, 27) -> [(0, 26)]
(2, 6) -> [(3, 6)]
(12, 18) -> [(11, 18), (12, 17)]
(9, 8) -> [(8, 8), (10, 8), (9, 7)]
(14, 19) -> [(14, 18), (14, 20)]
(2, 5) -> [(3, 5), (2, 4)]
(2, 9) -> [(2, 8), (2, 10)]
(3, 22) -> [(2, 22), (4, 22), (3, 21), (3, 23)]
(29, 22) -> [(28, 22), (29, 21)]
(13, 15) -> [(12, 15), (13, 14)]
(7, 13) -> [(6, 13), (8, 13)]
(18, 13) -> [(19, 13), (18, 12)]
(27, 10) -> [(28, 10), (27, 9)]
(14, 24) -> [(15, 24)]
(11, 15) -> [(10, 15), (11, 14)]
(24, 29) -> [(23, 29)]
(11, 26) -> [(11, 27)]
(26, 13) -> [(25, 13), (27, 13), (26, 12), (26, 14)]
(17, 15) -> [(17, 16)]
(22, 23) -> [(23, 23)]
(14, 5) -> [(13, 5)]
(0, 11) -> [(1, 11), (0, 10), (0, 12)]
(12, 22) -> [(11, 22)]
(5, 13) -> [(4, 13)]
(23, 16) -> [(22, 16), (24, 16), (23, 17)]
(24, 17) -> [(24, 18)]
(6, 19) -> [(7, 19)]
(1, 8) -> [(0, 8), (1, 9)]
(20, 1) -> [(20, 0)]
(16, 10) -> [(17, 10), (16, 11)]
(25, 24) -> [(24, 24)]
(1, 21) -> [(0, 21), (1, 20)]
(19, 9) -> [(18, 9), (19, 8)]
(22, 15) -> [(23, 15), (22, 14)]
(2, 11) -> [(3, 11)]
(23, 5) -> [(22, 5), (23, 6)]
(21, 1) -> [(22, 1), (21, 2)]
(1, 24) -> [(0, 24), (2, 24), (1, 25)]
(4, 12) -> [(3, 12)]
(10, 20) -> [(9, 20), (10, 19)]
(14, 4) -> [(15, 4), (14, 3)]
(22, 3) -> [(21, 3)]
